100,26,34,21,36,19,21,35,13,50
26,100,10,27,9,15,24,40,4,44
34,10,100,39,6,3,21,34,4,15
21,27,39,100,28,13,28,29,10,34
36,9,6,28,100,21,12,31,38,20
19,15,3,13,21,100,12,22,14,19
21,24,21,28,12,12,100,7,9,6
35,40,34,29,31,22,7,100,22,31
13,4,4,10,38,14,9,22,100,46
50,44,15,34,20,19,6,31,46,100
