100,5,46,26,8,8,4,29,19,35,44,50,34
5,100,12,28,39,48,40,50,30,17,15,11,47
46,12,100,44,18,13,11,35,49,8,21,24,42
26,28,44,100,28,23,10,11,28,12,48,31,40
8,39,18,28,100,21,28,41,30,23,32,33,40
8,48,13,23,21,100,43,7,25,14,9,6,9
4,40,11,10,28,43,100,1,3,8,50,10,15
29,50,35,11,41,7,1,100,4,31,2,9,21
19,30,49,28,30,25,3,4,100,13,22,38,34
35,17,8,12,23,14,8,31,13,100,48,25,31
44,15,21,48,32,9,50,2,22,48,100,42,34
50,11,24,31,33,6,10,9,38,25,42,100,40
34,47,42,40,40,9,15,21,34,31,34,40,100